aa	alpha	beta	turn	surface	rim	core
A	0.9732748847	-0.3742908779	-0.4268000043	0.6395210844	-0.1221254583	-0.0860926159
R	-0.2644157201	-0.0140108885	-0.1772093585	0.3776011863	0.6669928879	1.0397338993
N	-0.4894503755	-0.9347264171	0.8211532246	0.1156812883	0.4415305032	0.5099331863
D	0.0356304871	-1.0948508569	1.1456210641	1.0324009314	0.7797240802	0.0463575624
C	0.2981709184	-1.014788637	-0.3768818751	-1.5431447326	-1.3245915097	-2.0066202006
Q	0.8982633329	-0.7746019773	0.0474222227	0.0283746556	0.1033369263	0.0463575624
E	1.5358615232	-0.974757527	0.1222994164	1.6872006765	1.6439965546	0.0463575624
G	-1.7646467562	-0.2942286581	1.7196795494	0.8577876661	0.7797240802	0.6423833646
H	0.7107344534	0.346269101	-0.6514315855	-1.1066115692	-1.061552061	-1.0794689528
I	-0.2269099442	1.8274201688	-1.1006947479	-0.6700784058	-0.6857814199	-0.2185427941
L	1.0107806606	0.1060824413	-0.9010222313	0.5522144517	0.0657598622	1.8344349689
K	0.7482402293	-0.8946953072	0.0224631581	1.2943208295	2.0573442598	-0.0198675267
M	1.6483788509	-0.0940731084	-1.4002035228	-1.4994914163	-1.2494373815	-1.5430445767
F	0.1481478148	1.3070157395	-0.9259812959	-0.9319983038	-1.0991291251	0.0463575624
P	-1.9146698598	-1.4150997364	2.3935742931	0.1593346046	0.0657598622	0.0463575624
S	-0.7894965827	-0.1741353282	0.9459485475	0.9014409824	0.8173011443	0.4437080972
T	-0.7894965827	0.8666735302	0.1971766102	0.6395210844	0.5166846315	0.9072837211
W	-0.1518983924	0.5864557606	-0.501677198	-1.6741046816	-1.6252080226	-1.8741700224
Y	-1.1645543418	1.02679797	0.2470947393	-0.7573850385	-0.6857814199	1.3046342558
V	-0.4519445996	1.9875446085	-1.2005310062	-0.1025852934	-0.0845483942	-0.0860926159